Processing file: 'bankers_large.txt'...
avail: [ 6  4  8  4]
P#0     3  4  2  1     5  6  7  3     2  2  5  2
P#1     2  2  2  2     3  3  2  2     1  1  0  0
P#2     1  1  0  1     2  3  4  2     1  2  4  1
P#3     2  1  3  0     4  3  5  1     2  2  2  1
P#4     1  2  1  2     2  3  2  3     1  1  1  1
P#5     1  0  0  1     2  1  1  2     1  1  1  1
P#6     3  4  2  1     5  6  7  3     2  2  5  2
P#7     2  2  2  2     3  3  2  2     1  1  0  0
P#8     1  1  0  1     2  3  4  2     1  2  4  1
P#9     2  1  3  0     4  3  5  1     2  2  2  1
P#10     1  2  1  2     2  3  2  3     1  1  1  1
P#11     1  0  0  1     2  1  1  2     1  1  1  1


Banker's algorithm simulation beginning...
--------------------------------------------
avail: [ 6  4  8  4]
P#0     3  4  2  1     5  6  7  3     2  2  5  2
P#1     2  2  2  2     3  3  2  2     1  1  0  0
P#2     1  1  0  1     2  3  4  2     1  2  4  1
P#3     2  1  3  0     4  3  5  1     2  2  2  1
P#4     1  2  1  2     2  3  2  3     1  1  1  1
P#5     1  0  0  1     2  1  1  2     1  1  1  1
P#6     3  4  2  1     5  6  7  3     2  2  5  2
P#7     2  2  2  2     3  3  2  2     1  1  0  0
P#8     1  1  0  1     2  3  4  2     1  2  4  1
P#9     2  1  3  0     4  3  5  1     2  2  2  1
P#10     1  2  1  2     2  3  2  3     1  1  1  1
P#11     1  0  0  1     2  1  1  2     1  1  1  1

<<< Customer thread p#0 started... >>>
<<< Customer thread p#1 started... >>>
<<< Customer thread p#2 started... >>>
<<< Customer thread p#3 started... >>>
REQUEST of  1  2  4  1 for customer 2 request was approved: YES
avail: [ 5  2  4  3]
P#0     3  4  2  1     5  6  7  3     2  2  5  2
P#1     2  2  2  2     3  3  2  2     1  1  0  0
P#2     2  3  4  2     2  3  4  2     0  0  0  0
P#3     2  1  3  0     4  3  5  1     2  2  2  1
P#4     1  2  1  2     2  3  2  3     1  1  1  1
P#5     1  0  0  1     2  1  1  2     1  1  1  1
P#6     3  4  2  1     5  6  7  3     2  2  5  2
P#7     2  2  2  2     3  3  2  2     1  1  0  0
P#8     1  1  0  1     2  3  4  2     1  2  4  1
P#9     2  1  3  0     4  3  5  1     2  2  2  1
P#10     1  2  1  2     2  3  2  3     1  1  1  1
P#11     1  0  0  1     2  1  1  2     1  1  1  1

Customer p#2 has released all resources and is shutting down
avail: [ 7  5  8  5]
P#0     3  4  2  1     5  6  7  3     2  2  5  2
P#1     2  2  2  2     3  3  2  2     1  1  0  0
P#2     0  0  0  0     0  0  0  0     0  0  0  0
P#3     2  1  3  0     4  3  5  1     2  2  2  1
P#4     1  2  1  2     2  3  2  3     1  1  1  1
P#5     1  0  0  1     2  1  1  2     1  1  1  1
P#6     3  4  2  1     5  6  7  3     2  2  5  2
P#7     2  2  2  2     3  3  2  2     1  1  0  0
P#8     1  1  0  1     2  3  4  2     1  2  4  1
P#9     2  1  3  0     4  3  5  1     2  2  2  1
P#10     1  2  1  2     2  3  2  3     1  1  1  1
P#11     1  0  0  1     2  1  1  2     1  1  1  1

>>>>>>>>>>>>>>> Customer thread p#2 shutting down... <<<<<<<<<<<<<<<<<

avail: [ 7  5  8  5]
P#0     3  4  2  1     5  6  7  3     2  2  5  2
P#1     2  2  2  2     3  3  2  2     1  1  0  0
P#2     0  0  0  0     0  0  0  0     0  0  0  0
P#3     2  1  3  0     4  3  5  1     2  2  2  1
P#4     1  2  1  2     2  3  2  3     1  1  1  1
P#5     1  0  0  1     2  1  1  2     1  1  1  1
P#6     3  4  2  1     5  6  7  3     2  2  5  2
P#7     2  2  2  2     3  3  2  2     1  1  0  0
P#8     1  1  0  1     2  3  4  2     1  2  4  1
P#9     2  1  3  0     4  3  5  1     2  2  2  1
P#10     1  2  1  2     2  3  2  3     1  1  1  1
P#11     1  0  0  1     2  1  1  2     1  1  1  1

REQUEST of  2  2  2  1 for customer 3 request was approved: YES
REQUEST of  2  2  5  2 for customer 0 request was approved: YES
<<< Customer thread p#5 started... >>>
REQUEST of  1  1  1  1 for customer 5 request was approved: YES
REQUEST of  1  1  0  0 for customer 1 request was approved: YES
avail: [ 1 -1  0  1]
P#0     5  6  7  3     5  6  7  3     0  0  0  0
P#1     3  3  2  2     3  3  2  2     0  0  0  0
P#2     0  0  0  0     0  0  0  0     0  0  0  0
P#3     4  3  5  1     4  3  5  1     0  0  0  0
P#4     1  2  1  2     2  3  2  3     1  1  1  1
P#5     2  1  1  2     2  1  1  2     0  0  0  0
P#6     3  4  2  1     5  6  7  3     2  2  5  2
P#7     2  2  2  2     3  3  2  2     1  1  0  0
P#8     1  1  0  1     2  3  4  2     1  2  4  1
P#9     2  1  3  0     4  3  5  1     2  2  2  1
P#10     1  2  1  2     2  3  2  3     1  1  1  1
P#11     1  0  0  1     2  1  1  2     1  1  1  1

Customer p#3 has released all resources and is shutting down
avail: [ 5  2  5  2]
P#0     5  6  7  3     5  6  7  3     0  0  0  0
P#1     3  3  2  2     3  3  2  2     0  0  0  0
P#2     0  0  0  0     0  0  0  0     0  0  0  0
P#3     0  0  0  0     0  0  0  0     0  0  0  0
P#4     1  2  1  2     2  3  2  3     1  1  1  1
P#5     2  1  1  2     2  1  1  2     0  0  0  0
P#6     3  4  2  1     5  6  7  3     2  2  5  2
P#7     2  2  2  2     3  3  2  2     1  1  0  0
P#8     1  1  0  1     2  3  4  2     1  2  4  1
P#9     2  1  3  0     4  3  5  1     2  2  2  1
P#10     1  2  1  2     2  3  2  3     1  1  1  1
P#11     1  0  0  1     2  1  1  2     1  1  1  1

>>>>>>>>>>>>>>> Customer thread p#3 shutting down... <<<<<<<<<<<<<<<<<

avail: [ 5  2  5  2]
P#0     5  6  7  3     5  6  7  3     0  0  0  0
P#1     3  3  2  2     3  3  2  2     0  0  0  0
P#2     0  0  0  0     0  0  0  0     0  0  0  0
P#3     0  0  0  0     0  0  0  0     0  0  0  0
P#4     1  2  1  2     2  3  2  3     1  1  1  1
P#5     2  1  1  2     2  1  1  2     0  0  0  0
P#6     3  4  2  1     5  6  7  3     2  2  5  2
P#7     2  2  2  2     3  3  2  2     1  1  0  0
P#8     1  1  0  1     2  3  4  2     1  2  4  1
P#9     2  1  3  0     4  3  5  1     2  2  2  1
P#10     1  2  1  2     2  3  2  3     1  1  1  1
P#11     1  0  0  1     2  1  1  2     1  1  1  1

avail: [ 5  2  5  2]
P#0     5  6  7  3     5  6  7  3     0  0  0  0
P#1     3  3  2  2     3  3  2  2     0  0  0  0
P#2     0  0  0  0     0  0  0  0     0  0  0  0
P#3     0  0  0  0     0  0  0  0     0  0  0  0
P#4     1  2  1  2     2  3  2  3     1  1  1  1
P#5     2  1  1  2     2  1  1  2     0  0  0  0
P#6     3  4  2  1     5  6  7  3     2  2  5  2
P#7     2  2  2  2     3  3  2  2     1  1  0  0
P#8     1  1  0  1     2  3  4  2     1  2  4  1
P#9     2  1  3  0     4  3  5  1     2  2  2  1
P#10     1  2  1  2     2  3  2  3     1  1  1  1
P#11     1  0  0  1     2  1  1  2     1  1  1  1

Customer p#5 has released all resources and is shutting down
avail: [ 7  3  6  4]
P#0     5  6  7  3     5  6  7  3     0  0  0  0
P#1     3  3  2  2     3  3  2  2     0  0  0  0
P#2     0  0  0  0     0  0  0  0     0  0  0  0
P#3     0  0  0  0     0  0  0  0     0  0  0  0
P#4     1  2  1  2     2  3  2  3     1  1  1  1
P#5     0  0  0  0     0  0  0  0     0  0  0  0
P#6     3  4  2  1     5  6  7  3     2  2  5  2
P#7     2  2  2  2     3  3  2  2     1  1  0  0
P#8     1  1  0  1     2  3  4  2     1  2  4  1
P#9     2  1  3  0     4  3  5  1     2  2  2  1
P#10     1  2  1  2     2  3  2  3     1  1  1  1
P#11     1  0  0  1     2  1  1  2     1  1  1  1

Customer p#1 has released all resources and is shutting down
avail: [10  6  8  6]
P#0     5  6  7  3     5  6  7  3     0  0  0  0
P#1     0  0  0  0     0  0  0  0     0  0  0  0
P#2     0  0  0  0     0  0  0  0     0  0  0  0
P#3     0  0  0  0     0  0  0  0     0  0  0  0
P#4     1  2  1  2     2  3  2  3     1  1  1  1
P#5     0  0  0  0     0  0  0  0     0  0  0  0
P#6     3  4  2  1     5  6  7  3     2  2  5  2
P#7     2  2  2  2     3  3  2  2     1  1  0  0
P#8     1  1  0  1     2  3  4  2     1  2  4  1
P#9     2  1  3  0     4  3  5  1     2  2  2  1
P#10     1  2  1  2     2  3  2  3     1  1  1  1
P#11     1  0  0  1     2  1  1  2     1  1  1  1

Customer p#0 has released all resources and is shutting down
avail: [15 12 15  9]
P#0     0  0  0  0     0  0  0  0     0  0  0  0
P#1     0  0  0  0     0  0  0  0     0  0  0  0
P#2     0  0  0  0     0  0  0  0     0  0  0  0
P#3     0  0  0  0     0  0  0  0     0  0  0  0
P#4     1  2  1  2     2  3  2  3     1  1  1  1
P#5     0  0  0  0     0  0  0  0     0  0  0  0
P#6     3  4  2  1     5  6  7  3     2  2  5  2
P#7     2  2  2  2     3  3  2  2     1  1  0  0
P#8     1  1  0  1     2  3  4  2     1  2  4  1
P#9     2  1  3  0     4  3  5  1     2  2  2  1
P#10     1  2  1  2     2  3  2  3     1  1  1  1
P#11     1  0  0  1     2  1  1  2     1  1  1  1

>>>>>>>>>>>>>>> Customer thread p#0 shutting down... <<<<<<<<<<<<<<<<<

avail: [15 12 15  9]
P#0     0  0  0  0     0  0  0  0     0  0  0  0
P#1     0  0  0  0     0  0  0  0     0  0  0  0
P#2     0  0  0  0     0  0  0  0     0  0  0  0
P#3     0  0  0  0     0  0  0  0     0  0  0  0
P#4     1  2  1  2     2  3  2  3     1  1  1  1
P#5     0  0  0  0     0  0  0  0     0  0  0  0
P#6     3  4  2  1     5  6  7  3     2  2  5  2
P#7     2  2  2  2     3  3  2  2     1  1  0  0
P#8     1  1  0  1     2  3  4  2     1  2  4  1
P#9     2  1  3  0     4  3  5  1     2  2  2  1
P#10     1  2  1  2     2  3  2  3     1  1  1  1
P#11     1  0  0  1     2  1  1  2     1  1  1  1

<<< Customer thread p#4 started... >>>
REQUEST of  1  1  1  1 for customer 4 request was approved: YES
avail: [14 11 14  8]
P#0     0  0  0  0     0  0  0  0     0  0  0  0
P#1     0  0  0  0     0  0  0  0     0  0  0  0
P#2     0  0  0  0     0  0  0  0     0  0  0  0
P#3     0  0  0  0     0  0  0  0     0  0  0  0
P#4     2  3  2  3     2  3  2  3     0  0  0  0
P#5     0  0  0  0     0  0  0  0     0  0  0  0
P#6     3  4  2  1     5  6  7  3     2  2  5  2
P#7     2  2  2  2     3  3  2  2     1  1  0  0
P#8     1  1  0  1     2  3  4  2     1  2  4  1
P#9     2  1  3  0     4  3  5  1     2  2  2  1
P#10     1  2  1  2     2  3  2  3     1  1  1  1
P#11     1  0  0  1     2  1  1  2     1  1  1  1

Customer p#4 has released all resources and is shutting down
avail: [16 14 16 11]
P#0     0  0  0  0     0  0  0  0     0  0  0  0
P#1     0  0  0  0     0  0  0  0     0  0  0  0
P#2     0  0  0  0     0  0  0  0     0  0  0  0
P#3     0  0  0  0     0  0  0  0     0  0  0  0
P#4     0  0  0  0     0  0  0  0     0  0  0  0
P#5     0  0  0  0     0  0  0  0     0  0  0  0
P#6     3  4  2  1     5  6  7  3     2  2  5  2
P#7     2  2  2  2     3  3  2  2     1  1  0  0
P#8     1  1  0  1     2  3  4  2     1  2  4  1
P#9     2  1  3  0     4  3  5  1     2  2  2  1
P#10     1  2  1  2     2  3  2  3     1  1  1  1
P#11     1  0  0  1     2  1  1  2     1  1  1  1

>>>>>>>>>>>>>>> Customer thread p#4 shutting down... <<<<<<<<<<<<<<<<<

avail: [16 14 16 11]
P#0     0  0  0  0     0  0  0  0     0  0  0  0
P#1     0  0  0  0     0  0  0  0     0  0  0  0
P#2     0  0  0  0     0  0  0  0     0  0  0  0
P#3     0  0  0  0     0  0  0  0     0  0  0  0
P#4     0  0  0  0     0  0  0  0     0  0  0  0
P#5     0  0  0  0     0  0  0  0     0  0  0  0
avail: [16 14 16 11]
P#0     0  0  0  0     0  0  0  0     0  0  0  0
P#1     0  0  0  0     0  0  0  0     0  0  0  0
P#2     0  0  0  0     0  0  0  0     0  0  0  0
P#3     0  0  0  0     0  0  0  0     0  0  0  0
P#4     0  0  0  0     0  0  0  0     0  0  0  0
P#5     0  0  0  0     0  0  0  0     0  0  0  0
P#6     3  4  2  1     5  6  7  3     2  2  5  2
P#7     2  2  2  2     3  3  2  2     1  1  0  0
P#8     1  1  0  1     2  3  4  2     1  2  4  1
P#9     2  1  3  0     4  3  5  1     2  2  2  1
P#10     1  2  1  2     2  3  2  3     1  1  1  1
P#11     1  0  0  1     2  1  1  2     1  1  1  1

>>>>>>>>>>>>>>> Customer thread p#1 shutting down... <<<<<<<<<<<<<<<<<

avail: [16 14 16 11]
P#0     0  0  0  0     0  0  0  0     0  0  0  0
P#1     0  0  0  0     0  0  0  0     0  0  0  0
P#2     0  0  0  0     0  0  0  0     0  0  0  0
P#3     0  0  0  0     0  0  0  0     0  0  0  0
P#4     0  0  0  0     0  0  0  0     0  0  0  0
P#5     0  0  0  0     0  0  0  0     0  0  0  0
P#6     3  4  2  1     5  6  7  3     2  2  5  2
P#7     2  2  2  2     3  3  2  2     1  1  0  0
P#8     1  1  0  1     2  3  4  2     1  2  4  1
P#9     2  1  3  0     4  3  5  1     2  2  2  1
P#10     1  2  1  2     2  3  2  3     1  1  1  1
P#11     1  0  0  1     2  1  1  2     1  1  1  1

P#6     3  4  2  1     5  6  7  3     2  2  5  2
P#7     2  2  2  2     3  3  2  2     1  1  0  0
P#8     1  1  0  1     2  3  4  2     1  2  4  1
P#9     2  1  3  0     4  3  5  1     2  2  2  1
P#10     1  2  1  2     2  3  2  3     1  1  1  1
P#11     1  0  0  1     2  1  1  2     1  1  1  1

<<< Customer thread p#9 started... >>>
REQUEST of  2  2  2  1 for customer 9 request was approved: YES
<<< Customer thread p#10 started... >>>
REQUEST of  1  1  1  1 for customer 10 request was approved: YES
<<< Customer thread p#8 started... >>>
<<< Customer thread p#11 started... >>>
REQUEST of  1  1  1  1 for customer 11 request was approved: YES
avail: [12 10 12  8]
P#0     0  0  0  0     0  0  0  0     0  0  0  0
P#1     0  0  0  0     0  0  0  0     0  0  0  0
P#2     0  0  0  0     0  0  0  0     0  0  0  0
P#3     0  0  0  0     0  0  0  0     0  0  0  0
P#4     0  0  0  0     0  0  0  0     0  0  0  0
P#5     0  0  0  0     0  0  0  0     0  0  0  0
P#6     3  4  2  1     5  6  7  3     2  2  5  2
P#7     2  2  2  2     3  3  2  2     1  1  0  0
P#8     1  1  0  1     2  3  4  2     1  2  4  1
P#9     4  3  5  1     4  3  5  1     0  0  0  0
P#10     2  3  2  3     2  3  2  3     0  0  0  0
P#11     2  1  1  2     2  1  1  2     0  0  0  0

Customer p#11 has released all resources and is shutting down
avail: [14 11 13 10]
P#0     0  0  0  0     0  0  0  0     0  0  0  0
P#1     0  0  0  0     0  0  0  0     0  0  0  0
P#2     0  0  0  0     0  0  0  0     0  0  0  0
P#3     0  0  0  0     0  0  0  0     0  0  0  0
P#4     0  0  0  0     0  0  0  0     0  0  0  0
P#5     0  0  0  0     0  0  0  0     0  0  0  0
P#6     3  4  2  1     5  6  7  3     2  2  5  2
P#7     2  2  2  2     3  3  2  2     1  1  0  0
P#8     1  1  0  1     2  3  4  2     1  2  4  1
P#9     4  3  5  1     4  3  5  1     0  0  0  0
P#10     2  3  2  3     2  3  2  3     0  0  0  0
P#11     0  0  0  0     0  0  0  0     0  0  0  0

>>>>>>>>>>>>>>> Customer thread p#11 shutting down... <<<<<<<<<<<<<<<<<

avail: [14 11 13 10]
P#0     0  0  0  0     0  0  0  0     0  0  0  0
P#1     0  0  0  0     0  0  0  0     0  0  0  0
P#2     0  0  0  0     0  0  0  0     0  0  0  0
P#3     0  0  0  0     0  0  0  0     0  0  0  0
P#4     0  0  0  0     0  0  0  0     0  0  0  0
P#5     0  0  0  0     0  0  0  0     0  0  0  0
P#6     3  4  2  1     5  6  7  3     2  2  5  2
P#7     2  2  2  2     3  3  2  2     1  1  0  0
P#8     1  1  0  1     2  3  4  2     1  2  4  1
P#9     4  3  5  1     4  3  5  1     0  0  0  0
P#10     2  3  2  3     2  3  2  3     0  0  0  0
P#11     0  0  0  0     0  0  0  0     0  0  0  0

avail: [14 11 13 10]
P#0     0  0  0  0     0  0  0  0     0  0  0  0
<<< Customer thread p#6 started... >>>
REQUEST of  2  2  5  2 for customer 6 request was approved: YES
avail: [12  9  8  8]
P#0     0  0  0  0     0  0  0  0     0  0  0  0
P#1     0  0  0  0     0  0  0  0     0  0  0  0
P#2     0  0  0  0     0  0  0  0     0  0  0  0
P#3     0  0  0  0     0  0  0  0     0  0  0  0
P#4     0  0  0  0     0  0  0  0     0  0  0  0
P#5     0  0  0  0     0  0  0  0     0  0  0  0
P#6     5  6  7  3     5  6  7  3     0  0  0  0
P#7     2  2  2  2     3  3  2  2     1  1  0  0
P#8     1  1  0  1     2  3  4  2     1  2  4  1
P#9     4  3  5  1     4  3  5  1     0  0  0  0
P#10     2  3  2  3     2  3  2  3     0  0  0  0
P#11     0  0  0  0     0  0  0  0     0  0  0  0

Customer p#6 has released all resources and is shutting down
avail: [17 15 15 11]
P#0     0  0  0  0     0  0  0  0     0  0  0  0
P#1     0  0  0  0     0  0  0  0     0  0  0  0
P#2     0  0  0  0     0  0  0  0     0  0  0  0
P#3     0  0  0  0     0  0  0  0     0  0  0  0
P#4     0  0  0  0     0  0  0  0     0  0  0  0
P#5     0  0  0  0     0  0  0  0     0  0  0  0
P#6     0  0  0  0     0  0  0  0     0  0  0  0
P#7     2  2  2  2     3  3  2  2     1  1  0  0
P#8     1  1  0  1     2  3  4  2     1  2  4  1
P#9     4  3  5  1     4  3  5  1     0  0  0  0
P#10     2  3  2  3     2  3  2  3     0  0  0  0
P#11     0  0  0  0     0  0  0  0     0  0  0  0

>>>>>>>>>>>>>>> Customer thread p#6 shutting down... <<<<<<<<<<<<<<<<<

avail: [17 15 15 11]
P#0     0  0  0  0     0  0  0  0     0  0  0  0
P#1     0  0  0  0     0  0  0  0     0  0  0  0
P#2     0  0  0  0     0  0  0  0     0  0  0  0
P#3     0  0  0  0     0  0  0  0     0  0  0  0
P#4     0  0  0  0     0  0  0  0     0  0  0  0
P#5     0  0  0  0     0  0  0  0     0  0  0  0
P#6     0  0  0  0     0  0  0  0     0  0  0  0
P#7     2  2  2  2     3  3  2  2     1  1  0  0
P#8     1  1  0  1     2  3  4  2     1  2  4  1
P#9     4  3  5  1     4  3  5  1     0  0  0  0
P#10     2  3  2  3     2  3  2  3     0  0  0  0
P#11     0  0  0  0     0  0  0  0     0  0  0  0

REQUEST of  1  2  4  1 for customer 8 P#1     0  0  0  0     0  0  0  0     0  0  0  0
P#2     0  0  0  0     0  0  0  0     0  0  0  0
avail: [17 15 15 11]
P#0     0  0  0  0     0  0  0  0     0  0  0  0
P#1     0  0  0  0     0  0  0  0     0  0  0  0
P#2     0  0  0  0     0  0  0  0     0  0  0  0
P#3     0  0  0  0     0  0  0  0     0  0  0  0
P#4     0  0  0  0     0  0  0  0     0  0  0  0
P#5     0  0  0  0     0  0  0  0     0  0  0  0
P#6     0  0  0  0     0  0  0  0     0  0  0  0
P#7     2  2  2  2     3  3  2  2     1  1  0  0
P#8     1  1  0  1     2  3  4  2     1  2  4  1
P#9     4  3  5  1     4  3  5  1     0  0  0  0
P#10     2  3  2  3     2  3  2  3     0  0  0  0
P#11     0  0  0  0     0  0  0  0     0  0  0  0

>>>>>>>>>>>>>>> Customer thread p#5 shutting down... <<<<<<<<<<<<<<<<<

avail: [17 15 15 11]
P#0     0  0  0  0     0  0  0  0     0  0  0  0
P#1     0  0  0  0     0  0  0  0     0  0  0  0
P#2     0  0  0  0     0  0  0  0     0  0  0  0
P#3     0  0  0  0     0  0  0  0     0  0  0  0
P#4     0  0  0  0     0  0  0  0     0  0  0  0
P#5     0  0  0  0     0  0  0  0     0  0  0  0
P#6     0  0  0  0     0  0  0  0     0  0  0  0
P#7     2  2  2  2     3  3  2  2     1  1  0  0
P#8     1  1  0  1     2  3  4  2     1  2request was approved: YES
  0  0
P#9     4  3  5  1     4  3  5  1     0  0  0  0
P#10     2  3  2  3     2  3  2  3     0  0  0  0
P#11     0  0  0  0     0  0  0  0     0  0  0  0

avail: [16 13 11 10]
P#0     0  0  0  0     0  0  0  0     0  0  0  0
P#1     0  0  0  0     0  0  0  0     0  0  0  0
P#2     0  0  0  0     0  0  0  0     0  0  0  0
P#3     0  0  0  0     0  0  0  0     0  0  0  0
P#4     0  0  0  0     0  0  0  0     0  0  0  0
P#5     0  0  0  0     0  0  0  0     0  0  0  0
P#6     0  0  0  0     0  0  0  0     0  0  0  0
P#7     2  2  2  2     3  3  2  2     1  1  0  0
P#8     2  3  4  2     2  3  4  2     0  0  0  0
P#9     4  3  5  1     4  3  5  1     0  0  0  0
P#10     2  3  2  3     2  3  2  3     0  0  0  0
P#11     0  0  0  0     0  0  0  0     0  0  0  0

Customer p#8 has released all resources and is shutting down
avail: [18 16 15 12]
P#0     0  0  0  0     0  0  0  0     0  0  0  0
P#1     0  0  0  0     0  0  0  0     0  0  0  0
P#2     0  0  0  0     0  0  0  0     0  0  0  0
P#3     0  0  0  0     0  0  0  0     0  0  0  0
P#4     0  0  0  0     0  0  0  0     0  0  0  0
P#5     0  0  0  0     0  0  0  0     0  0  0  0
P#6     0  0  0  0     0  0  0  0     0  0  0  0
P#7     2  2  2  2     3  3  2  2     1  1  0  0
P#8     0  0  0  0     0  0  0  0     0  0  0  0
P#9     4  3  5  1     4  3  5  1     0  0  0  0
P#10     2  3  2  3     2  3  2  3     0  0  0  0
P#11     0  0  0  0     0  0  0  0     0  0  0  0

Customer p#10 has released all resources and is shutting down
avail: [20 19 17 15]
P#0     0  0  0  0     0  0  0  0     0  0  0  0
P#1     0  0  0  0     0  0  0  0     0  0  0  0
P#2     0  0  0  0     0  0  0  0     0  0  0  0
P#3     0  0  0  0     0  0  0  0     0  0  0  0
P#4     0  0  0  0     0  0  0  0     0  0  0  0
P#5     0  0  0  0     0  0  0  0     0  0  0  0
P#6     0  0  0  0     0  0  0  0     0  0  0  0
P#7     2  2  2  2     3  3  2  2     1  1  0  0
P#8     0  0  0  0     0  0  0  0     0  0  0  0
P#9     4  3  5  1     4  3  5  1     0  0  0  0
P#10     0  0  0  0     0  0  0  0     0  0  0  0
P#11     0  0  0  0     0  0  0  0     0  0  0  0

>>>>>>>>>>>>>>> Customer thread p#10 shutting down... <<<<<<<<<<<<<<<<<

avail: [20 19 17 15]
P#0     0  0  0  0     0  0  0  0     0  0  0  0
P#1     0  0  0  0     0  0  0  0     0  0  0  0
P#2     0  0  0  0     0  0  0  0     0  0  0  0
P#3     0  0  0  0     0  0  0  0     0  0  0  0
P#4     0  0  0  0     0  0  0  0     0  0  0  0
P#5     0  0  0  0     0  0  0  0     0  0  0  0
P#6     0  0  0  0     0  0  0  0     0  0  0  0
P#7     2  2  2  2     3  3  2  2     1  1  0  0
P#8     0  0  0  0     0  0  0  0     0  0  0  0
P#9     4  3  5  1     4  3  5  1     0  0  0  0
P#10     0  0  0  0     0  0  0  0     0  0  0  0
P#11     0  0  0  0     0  0  0  0     0  0  0  0

avail: [20 19 17 15]
P#0     0  0  0  0     0  0  0  0     0  0  0  0
P#1     0  0  0  0     0  0  0  0     0  0  0  0
P#2     0  0  0  0     0  0  0  0     0  0  0  0
P#3     0  0  0  0     0  0  0  0     0  0  0  0
P#4     0  0  0  0     0  0  0  0     0  0  0  0
P#5     0  0  0  0     0  0  0  0     0  0  0  0
P#6     0  0  0  0     0  0  0  0     0  0  0  0
P#7     2  2  2  2     3  3  2  2     1  1  0  0
P#8     0  0  0  0     0  0  0  0     0  0  0  0
P#9     4  3  5  1     4  3  5  1     0  0  0  0
P#10     0  0  0  0     0  0  0  0     0  0  0  0
P#11     0  0  0  0     0  0  0  0     0  0  0  0

>>>>>>>>>>>>>>> Customer thread p#8 shutting down... <<<<<<<<<<<<<<<<<

avail: [20 19 17 15]
P#0     0  0  0  0     0  0  0  0     0  0  0  0
P#1     0  0  0  0     0  0  0  0     0  0  0  0
P#2     0  0  0  0     0  0  0  0     0  0  0  0
P#3     0  0  0  0     0  0  0  0     0  0  0  0
P#4     0  0  0  0     0  0  0  0     0  0  0  0
P#5     0  0  0  0     0  0  0  0     0  0  0  0
P#6     0  0  0  0     0  0  0  0     0  0  0  0
P#7     2  2  2  2     3  3  2  2     1  1  0  0
P#8     0  0  0  0     0  0  0  0     0  0  0  0
P#9     4  3  5  1     4  3  5  1     0  0  0  0
P#10     0  0  0  0     0  0  0  0     0  0  0  0
P#11     0  0  0  0     0  0  0  0     0  0  0  0

P#3     0  0  0  0     0  0  0  0     0  0  0  0
P#4     0  0  0  0     0  0  0  0     0  0  0  0
P#5     0  0  0  0     0  0  0  0     0  0  0  0
P#6     0  0  0  0     0  0  0  0     0  0  0  0
P#7     2  2  2  2     3  3  2  2     1  1  0  0
P#8     0  0  0  0     0  0  0  0     0  0  0  0
P#9     4  3  5  1     4  3  5  1     0  0  0  0
P#10     0  0  0  0     0  0  0  0     0  0  0  0
P#11     0  0  0  0     0  0  0  0     0  0  0  0

Customer p#9 has released all resources and is shutting down
<<< Customer thread p#7 started... >>>
REQUEST of  1  1  0  0 for customer 7 request was approved: YES
avail: [23 21 22 16]
P#0     0  0  0  0     0  0  0  0     0  0  0  0
P#1     0  0  0  0     0  0  0  0     0  0  0  0
P#2     0  0  0  0     0  0  0  0     0  0  0  0
P#3     0  0  0  0     0  0  0  0     0  0  0  0
P#4     0  0  0  0     0  0  0  0     0  0  0  0
P#5     0  0  0  0     0  0  0  0     0  0  0  0
P#6     0  0  0  0     0  0  0  0     0  0  0  0
P#7     3  3  2  2     3  3  2  2     0  0  0  0
P#8     0  0  0  0     0  0  0  0     0  0  0  0
P#9     0  0  0  0     0  0  0  0     0  0  0  0
P#10     0  0  0  0     0  0  0  0     0  0  0  0
P#11     0  0  0  0     0  0  0  0     0  0  0  0

Customer p#7 has released all resources and is shutting down
avail: [26 24 24 18]
P#0     0  0  0  0     0  0  0  0     0  0  0  0
P#1     0  0  0  0     0  0  0  0     0  0  0  0
P#2     0  0  0  0     0  0  0  0     0  0  0  0
P#3     0  0  0  0     0  0  0  0     0  0  0  0
P#4     0  0  0  0     0  0  0  0     0  0  0  0
P#5     0  0  0  0     0  0  0  0     0  0  0  0
P#6     0  0  0  0     0  0  0  0     0  0  0  0
P#7     0  0  0  0     0  0  0  0     0  0  0  0
P#8     0  0  0  0     0  0  0  0     0  0  0  0
P#9     0  0  0  0     0  0  0  0     0  0  0  0
P#10     0  0  0  0     0  0  0  0     0  0  0  0
P#11     0  0  0  0     0  0  0  0     0  0  0  0

>>>>>>>>>>>>>>> Customer thread p#7 shutting down... <<<<<<<<<<<<<<<<<

avail: [26 24 24 18]
P#0     0  0  0  0     0  0  0  0     0  0  0  0
P#1     0  0  0  0     0  0  0  0     0  0  0  0
P#2     0  0  0  0     0  0  0  0     0  0  0  0
P#3     0  0  0  0     0  0  0  0     0  0  0  0
P#4     0  0  0  0     0  0  0  0     0  0  0  0
P#5     0  0  0  0     0  0  0  0     0  0  0  0
P#6     0  0  0  0     0  0  0  0     0  0  0  0
P#7     0  0  0  0     0  0  0  0     0  0  0  0
P#8     0  0  0  0     0  0  0  0     0  0  0  0
P#9     0  0  0  0     0  0  0  0     0  0  0  0
P#10     0  0  0  0     0  0  0  0     0  0  0  0
P#11     0  0  0  0     0  0  0  0     0  0  0  0

avail: [26 24 24 18]
P#0     0  0  0  0     0  0  0  0     0  0  0  0
P#1     0  0  0  0     0  0  0  0     0  0  0  0
P#2     0  0  0  0     0  0  0  0     0  0  0  0
P#3     0  0  0  0     0  0  0  0     0  0  0  0
P#4     0  0  0  0     0  0  0  0     0  0  0  0
P#5     0  0  0  0     0  0  0  0     0  0  0  0
P#6     0  0  0  0     0  0  0  0     0  0  0  0
P#7     0  0  0  0     0  0  0  0     0  0  0  0
P#8     0  0  0  0     0  0  0  0     0  0  0  0
P#9     0  0  0  0     0  0  0  0     0  0  0  0
P#10     0  0  0  0     0  0  0  0     0  0  0  0
P#11     0  0  0  0     0  0  0  0     0  0  0  0

>>>>>>>>>>>>>>> Customer thread p#9 shutting down... <<<<<<<<<<<<<<<<<

avail: [26 24 24 18]
P#0     0  0  0  0     0  0  0  0     0  0  0  0
P#1     0  0  0  0     0  0  0  0     0  0  0  0
P#2     0  0  0  0     0  0  0  0     0  0  0  0
P#3     0  0  0  0     0  0  0  0     0  0  0  0
P#4     0  0  0  0     0  0  0  0     0  0  0  0
P#5     0  0  0  0     0  0  0  0     0  0  0  0
P#6     0  0  0  0     0  0  0  0     0  0  0  0
P#7     0  0  0  0     0  0  0  0     0  0  0  0
P#8     0  0  0  0     0  0  0  0     0  0  0  0
P#9     0  0  0  0     0  0  0  0     0  0  0  0
P#10     0  0  0  0     0  0  0  0     0  0  0  0
P#11     0  0  0  0     0  0  0  0     0  0  0  0


Banker's algorithm simulation completed...





                ...done.